15 0.645257 0.462779 0.250988 0.124069
15 0.938241 0.316377 0.101779 0.126551
15 0.190711 0.276675 0.021739 0.027295
15 0.252470 0.237593 0.095850 0.055831
15 0.440711 0.156948 0.019763 0.040943
15 0.499012 0.179901 0.019763 0.027295
15 0.531126 0.155087 0.012846 0.024814
15 0.580040 0.153846 0.029644 0.037221
15 0.629941 0.137717 0.028656 0.032258
15 0.726285 0.139578 0.013834 0.016129
15 0.498518 0.137097 0.026680 0.028536
15 0.269763 0.134615 0.051383 0.023573
15 0.297431 0.122829 0.047431 0.022333
15 0.234684 0.116005 0.020751 0.023573
