15 0.433794 0.274814 0.021739 0.028536
15 0.541996 0.255583 0.091897 0.084367
15 0.091403 0.256203 0.016798 0.028536
15 0.116601 0.228908 0.051383 0.058313
15 0.181818 0.223945 0.071146 0.070720
15 0.275692 0.215261 0.081028 0.085608
15 0.321640 0.189206 0.050395 0.045906
15 0.566700 0.186104 0.022727 0.034739
15 0.616601 0.195409 0.067194 0.040943
15 0.788538 0.224566 0.019763 0.032258
15 0.855731 0.238213 0.015810 0.044665
15 0.908597 0.221464 0.016798 0.033499
15 0.929348 0.235112 0.010870 0.018610
15 0.972332 0.212779 0.035573 0.048387
